0.0 0.0 0.0
Error: 10000000000.0
0.0 0.0 1.1111111111111112
Error: 10000000000.0
0.0 0.0 2.2222222222222223
Error: 10000000000.0
0.0 0.0 3.3333333333333335
Error: 10000000000.0
0.0 0.0 4.444444444444445
Error: 10000000000.0
0.0 0.0 5.555555555555555
Error: 10000000000.0
0.0 0.0 6.666666666666667
Error: 10000000000.0
0.0 0.0 7.777777777777779
Error: 10000000000.0
0.0 0.0 8.88888888888889
Error: 10000000000.0
0.0 0.0 10.0
Error: 10000000000.0
0.0 1.1111111111111112 0.0
Error: 10000000000.0
0.0 1.1111111111111112 1.1111111111111112
Error: 10000000000.0
0.0 1.1111111111111112 2.2222222222222223
Error: 10000000000.0
0.0 1.1111111111111112 3.3333333333333335
Error: 10000000000.0
0.0 1.1111111111111112 4.444444444444445
Error: 10000000000.0
0.0 1.1111111111111112 5.555555555555555
Error: 10000000000.0
0.0 1.1111111111111112 6.666666666666667
Error: 10000000000.0
0.0 1.1111111111111112 7.777777777777779
Error: 10000000000.0
0.0 1.1111111111111112 8.88888888888889
Error: 10000000000.0
0.0 1.1111111111111112 10.0
Error: 10000000000.0
0.0 2.2222222222222223 0.0
Error: 10000000000.0
0.0 2.2222222222222223 1.1111111111111112
Error: 10000000000.0
0.0 2.2222222222222223 2.2222222222222223
Error: 10000000000.0
0.0 2.2222222222222223 3.3333333333333335
Error: 10000000000.0
0.0 2.2222222222222223 4.444444444444445
Error: 10000000000.0
0.0 2.2222222222222223 5.555555555555555
Error: 10000000000.0
0.0 2.2222222222222223 6.666666666666667
Error: 10000000000.0
0.0 2.2222222222222223 7.777777777777779
Error: 10000000000.0
0.0 2.2222222222222223 8.88888888888889
Error: 10000000000.0
0.0 2.2222222222222223 10.0
Error: 10000000000.0
0.0 3.3333333333333335 0.0
Error: 10000000000.0
0.0 3.3333333333333335 1.1111111111111112
Error: 10000000000.0
0.0 3.3333333333333335 2.2222222222222223
Error: 10000000000.0
0.0 3.3333333333333335 3.3333333333333335
Error: 10000000000.0
0.0 3.3333333333333335 4.444444444444445
Error: 10000000000.0
0.0 3.3333333333333335 5.555555555555555
Error: 10000000000.0
0.0 3.3333333333333335 6.666666666666667
Error: 10000000000.0
0.0 3.3333333333333335 7.777777777777779
Error: 10000000000.0
0.0 3.3333333333333335 8.88888888888889
Error: 10000000000.0
0.0 3.3333333333333335 10.0
Error: 10000000000.0
0.0 4.444444444444445 0.0
Error: 10000000000.0
0.0 4.444444444444445 1.1111111111111112
Error: 10000000000.0
0.0 4.444444444444445 2.2222222222222223
Error: 10000000000.0
0.0 4.444444444444445 3.3333333333333335
Error: 10000000000.0
0.0 4.444444444444445 4.444444444444445
Error: 10000000000.0
0.0 4.444444444444445 5.555555555555555
Error: 10000000000.0
0.0 4.444444444444445 6.666666666666667
Error: 10000000000.0
0.0 4.444444444444445 7.777777777777779
Error: 10000000000.0
0.0 4.444444444444445 8.88888888888889
Error: 10000000000.0
0.0 4.444444444444445 10.0
Error: 10000000000.0
0.0 5.555555555555555 0.0
Error: 10000000000.0
0.0 5.555555555555555 1.1111111111111112
Error: 10000000000.0
0.0 5.555555555555555 2.2222222222222223
Error: 10000000000.0
0.0 5.555555555555555 3.3333333333333335
Error: 10000000000.0
0.0 5.555555555555555 4.444444444444445
Error: 10000000000.0
0.0 5.555555555555555 5.555555555555555
Error: 10000000000.0
0.0 5.555555555555555 6.666666666666667
Error: 10000000000.0
0.0 5.555555555555555 7.777777777777779
Error: 10000000000.0
0.0 5.555555555555555 8.88888888888889
Error: 10000000000.0
0.0 5.555555555555555 10.0
Error: 10000000000.0
0.0 6.666666666666667 0.0
Error: 10000000000.0
0.0 6.666666666666667 1.1111111111111112
Error: 10000000000.0
0.0 6.666666666666667 2.2222222222222223
Error: 10000000000.0
0.0 6.666666666666667 3.3333333333333335
Error: 10000000000.0
0.0 6.666666666666667 4.444444444444445
Error: 10000000000.0
0.0 6.666666666666667 5.555555555555555
Error: 10000000000.0
0.0 6.666666666666667 6.666666666666667
Error: 10000000000.0
0.0 6.666666666666667 7.777777777777779
Error: 10000000000.0
0.0 6.666666666666667 8.88888888888889
Error: 10000000000.0
0.0 6.666666666666667 10.0
Error: 10000000000.0
0.0 7.777777777777779 0.0
Error: 10000000000.0
0.0 7.777777777777779 1.1111111111111112
Error: 10000000000.0
0.0 7.777777777777779 2.2222222222222223
Error: 10000000000.0
0.0 7.777777777777779 3.3333333333333335
Error: 10000000000.0
0.0 7.777777777777779 4.444444444444445
Error: 10000000000.0
0.0 7.777777777777779 5.555555555555555
Error: 10000000000.0
0.0 7.777777777777779 6.666666666666667
Error: 10000000000.0
0.0 7.777777777777779 7.777777777777779
Error: 10000000000.0
0.0 7.777777777777779 8.88888888888889
Error: 10000000000.0
0.0 7.777777777777779 10.0
Error: 10000000000.0
0.0 8.88888888888889 0.0
Error: 10000000000.0
0.0 8.88888888888889 1.1111111111111112
Error: 10000000000.0
0.0 8.88888888888889 2.2222222222222223
Error: 10000000000.0
0.0 8.88888888888889 3.3333333333333335
Error: 10000000000.0
0.0 8.88888888888889 4.444444444444445
Error: 10000000000.0
0.0 8.88888888888889 5.555555555555555
Error: 10000000000.0
0.0 8.88888888888889 6.666666666666667
Error: 10000000000.0
0.0 8.88888888888889 7.777777777777779
Error: 10000000000.0
0.0 8.88888888888889 8.88888888888889
Error: 10000000000.0
0.0 8.88888888888889 10.0
Error: 10000000000.0
0.0 10.0 0.0
Error: 10000000000.0
0.0 10.0 1.1111111111111112
Error: 10000000000.0
0.0 10.0 2.2222222222222223
Error: 10000000000.0
0.0 10.0 3.3333333333333335
Error: 10000000000.0
0.0 10.0 4.444444444444445
Error: 10000000000.0
0.0 10.0 5.555555555555555
Error: 10000000000.0
0.0 10.0 6.666666666666667
Error: 10000000000.0
0.0 10.0 7.777777777777779
Error: 10000000000.0
0.0 10.0 8.88888888888889
Error: 10000000000.0
0.0 10.0 10.0
Error: 10000000000.0
1.1111111111111112 0.0 0.0
Error: 61795.71819558703
1.1111111111111112 0.0 1.1111111111111112
Error: 61795.71819558703
1.1111111111111112 0.0 2.2222222222222223
Error: 61795.71819558703
1.1111111111111112 0.0 3.3333333333333335
Error: 61795.71819558703
1.1111111111111112 0.0 4.444444444444445
Error: 61795.71819558703
1.1111111111111112 0.0 5.555555555555555
Error: 61795.71819558703
1.1111111111111112 0.0 6.666666666666667
Error: 61795.71819558703
1.1111111111111112 0.0 7.777777777777779
Error: 61795.71819558703
1.1111111111111112 0.0 8.88888888888889
Error: 61795.71819558703
1.1111111111111112 0.0 10.0
Error: 61795.71819558703
1.1111111111111112 1.1111111111111112 0.0
Error: 61795.71819558703
1.1111111111111112 1.1111111111111112 1.1111111111111112
Error: 61795.71819558703
1.1111111111111112 1.1111111111111112 2.2222222222222223
Error: 61795.71819558703
1.1111111111111112 1.1111111111111112 3.3333333333333335
Error: 61795.71819558703
1.1111111111111112 1.1111111111111112 4.444444444444445
Error: 61795.71819558703
1.1111111111111112 1.1111111111111112 5.555555555555555
Error: 61795.71819558703
1.1111111111111112 1.1111111111111112 6.666666666666667
Error: 61795.71819558703
1.1111111111111112 1.1111111111111112 7.777777777777779
Error: 61795.71819558703
1.1111111111111112 1.1111111111111112 8.88888888888889
Error: 61795.71819558703
1.1111111111111112 1.1111111111111112 10.0
Error: 61795.71819558703
1.1111111111111112 2.2222222222222223 0.0
Error: 61795.71819558703
1.1111111111111112 2.2222222222222223 1.1111111111111112
Error: 61795.71819558703
1.1111111111111112 2.2222222222222223 2.2222222222222223
Error: 61795.71819558703
1.1111111111111112 2.2222222222222223 3.3333333333333335
Error: 61795.71819558703
1.1111111111111112 2.2222222222222223 4.444444444444445
Error: 61795.71819558703
1.1111111111111112 2.2222222222222223 5.555555555555555
Error: 61795.71819558703
1.1111111111111112 2.2222222222222223 6.666666666666667
Error: 61795.71819558703
1.1111111111111112 2.2222222222222223 7.777777777777779
Error: 61795.71819558703
1.1111111111111112 2.2222222222222223 8.88888888888889
Error: 61795.71819558703
1.1111111111111112 2.2222222222222223 10.0
Error: 61795.71819558703
1.1111111111111112 3.3333333333333335 0.0
Error: 61795.71819558703
1.1111111111111112 3.3333333333333335 1.1111111111111112
Error: 61795.71819558703
1.1111111111111112 3.3333333333333335 2.2222222222222223
Error: 61795.71819558703
1.1111111111111112 3.3333333333333335 3.3333333333333335
Error: 61795.71819558703
1.1111111111111112 3.3333333333333335 4.444444444444445
Error: 61795.71819558703
1.1111111111111112 3.3333333333333335 5.555555555555555
Error: 61795.71819558703
1.1111111111111112 3.3333333333333335 6.666666666666667
Error: 61795.71819558703
1.1111111111111112 3.3333333333333335 7.777777777777779
Error: 61795.71819558703
1.1111111111111112 3.3333333333333335 8.88888888888889
Error: 61795.71819558703
1.1111111111111112 3.3333333333333335 10.0
Error: 61795.71819558703
1.1111111111111112 4.444444444444445 0.0
Error: 61795.71819558703
1.1111111111111112 4.444444444444445 1.1111111111111112
Error: 61795.71819558703
1.1111111111111112 4.444444444444445 2.2222222222222223
Error: 61795.71819558703
1.1111111111111112 4.444444444444445 3.3333333333333335
Error: 61795.71819558703
1.1111111111111112 4.444444444444445 4.444444444444445
Error: 61795.71819558703
1.1111111111111112 4.444444444444445 5.555555555555555
Error: 61795.71819558703
1.1111111111111112 4.444444444444445 6.666666666666667
Error: 61795.71819558703
1.1111111111111112 4.444444444444445 7.777777777777779
Error: 61795.71819558703
1.1111111111111112 4.444444444444445 8.88888888888889
Error: 61795.71819558703
1.1111111111111112 4.444444444444445 10.0
Error: 61795.71819558703
1.1111111111111112 5.555555555555555 0.0
Error: 61795.71819558703
1.1111111111111112 5.555555555555555 1.1111111111111112
Error: 61795.71819558703
1.1111111111111112 5.555555555555555 2.2222222222222223
Error: 61795.71819558703
1.1111111111111112 5.555555555555555 3.3333333333333335
Error: 61795.71819558703
1.1111111111111112 5.555555555555555 4.444444444444445
Error: 61795.71819558703
1.1111111111111112 5.555555555555555 5.555555555555555
Error: 61795.71819558703
1.1111111111111112 5.555555555555555 6.666666666666667
Error: 61795.71819558703
1.1111111111111112 5.555555555555555 7.777777777777779
Error: 61795.71819558703
1.1111111111111112 5.555555555555555 8.88888888888889
Error: 61795.71819558703
1.1111111111111112 5.555555555555555 10.0
Error: 61795.71819558703
1.1111111111111112 6.666666666666667 0.0
Error: 61795.71819558703
1.1111111111111112 6.666666666666667 1.1111111111111112
Error: 61795.71819558703
1.1111111111111112 6.666666666666667 2.2222222222222223
Error: 61795.71819558703
1.1111111111111112 6.666666666666667 3.3333333333333335
Error: 61795.71819558703
1.1111111111111112 6.666666666666667 4.444444444444445
Error: 61795.71819558703
1.1111111111111112 6.666666666666667 5.555555555555555
Error: 61795.71819558703
1.1111111111111112 6.666666666666667 6.666666666666667
Error: 61795.71819558703
1.1111111111111112 6.666666666666667 7.777777777777779
Error: 61795.71819558703
1.1111111111111112 6.666666666666667 8.88888888888889
Error: 61795.71819558703
1.1111111111111112 6.666666666666667 10.0
Error: 61795.71819558703
1.1111111111111112 7.777777777777779 0.0
Error: 61795.71819558703
1.1111111111111112 7.777777777777779 1.1111111111111112
Error: 61795.71819558703
1.1111111111111112 7.777777777777779 2.2222222222222223
Error: 61795.71819558703
1.1111111111111112 7.777777777777779 3.3333333333333335
Error: 61795.71819558703
1.1111111111111112 7.777777777777779 4.444444444444445
Error: 61795.71819558703
1.1111111111111112 7.777777777777779 5.555555555555555
Error: 61795.71819558703
1.1111111111111112 7.777777777777779 6.666666666666667
Error: 61795.71819558703
1.1111111111111112 7.777777777777779 7.777777777777779
Error: 61795.71819558703
1.1111111111111112 7.777777777777779 8.88888888888889
Error: 61795.71819558703
1.1111111111111112 7.777777777777779 10.0
Error: 61795.71819558703
1.1111111111111112 8.88888888888889 0.0
Error: 61795.71819558703
1.1111111111111112 8.88888888888889 1.1111111111111112
Error: 61795.71819558703
1.1111111111111112 8.88888888888889 2.2222222222222223
Error: 61795.71819558703
1.1111111111111112 8.88888888888889 3.3333333333333335
Error: 61795.71819558703
1.1111111111111112 8.88888888888889 4.444444444444445
Error: 61795.71819558703
1.1111111111111112 8.88888888888889 5.555555555555555
Error: 61795.71819558703
1.1111111111111112 8.88888888888889 6.666666666666667
Error: 61795.71819558703
1.1111111111111112 8.88888888888889 7.777777777777779
Error: 61795.71819558703
1.1111111111111112 8.88888888888889 8.88888888888889
Error: 61795.71819558703
1.1111111111111112 8.88888888888889 10.0
Error: 61795.71819558703
1.1111111111111112 10.0 0.0
Error: 61795.71819558703
1.1111111111111112 10.0 1.1111111111111112
Error: 61795.71819558703
1.1111111111111112 10.0 2.2222222222222223
Error: 61795.71819558703
1.1111111111111112 10.0 3.3333333333333335
Error: 61795.71819558703
1.1111111111111112 10.0 4.444444444444445
Error: 61795.71819558703
1.1111111111111112 10.0 5.555555555555555
Error: 61795.71819558703
1.1111111111111112 10.0 6.666666666666667
Error: 61795.71819558703
1.1111111111111112 10.0 7.777777777777779
Error: 61795.71819558703
1.1111111111111112 10.0 8.88888888888889
Error: 61795.71819558703
1.1111111111111112 10.0 10.0
Error: 61795.71819558703
2.2222222222222223 0.0 0.0
Error: 61795.71819558703
2.2222222222222223 0.0 1.1111111111111112
Error: 61795.71819558703
2.2222222222222223 0.0 2.2222222222222223
Error: 61795.71819558703
2.2222222222222223 0.0 3.3333333333333335
Error: 61795.71819558703
2.2222222222222223 0.0 4.444444444444445
Error: 61795.71819558703
2.2222222222222223 0.0 5.555555555555555
Error: 61795.71819558703
2.2222222222222223 0.0 6.666666666666667
Error: 61795.71819558703
2.2222222222222223 0.0 7.777777777777779
Error: 61795.71819558703
2.2222222222222223 0.0 8.88888888888889
Error: 61795.71819558703
2.2222222222222223 0.0 10.0
Error: 61795.71819558703
2.2222222222222223 1.1111111111111112 0.0
Error: 61795.71819558703
2.2222222222222223 1.1111111111111112 1.1111111111111112
Error: 61795.71819558703
2.2222222222222223 1.1111111111111112 2.2222222222222223
Error: 61795.71819558703
2.2222222222222223 1.1111111111111112 3.3333333333333335
Error: 61795.71819558703
2.2222222222222223 1.1111111111111112 4.444444444444445
Error: 61795.71819558703
2.2222222222222223 1.1111111111111112 5.555555555555555
Error: 61795.71819558703
2.2222222222222223 1.1111111111111112 6.666666666666667
Error: 61795.71819558703
2.2222222222222223 1.1111111111111112 7.777777777777779
Error: 61795.71819558703
2.2222222222222223 1.1111111111111112 8.88888888888889
Error: 61795.71819558703
2.2222222222222223 1.1111111111111112 10.0
Error: 61795.71819558703
2.2222222222222223 2.2222222222222223 0.0
Error: 61795.71819558703
2.2222222222222223 2.2222222222222223 1.1111111111111112
Error: 61795.71819558703
2.2222222222222223 2.2222222222222223 2.2222222222222223
Error: 61795.71819558703
2.2222222222222223 2.2222222222222223 3.3333333333333335
Error: 61795.71819558703
2.2222222222222223 2.2222222222222223 4.444444444444445
Error: 61795.71819558703
2.2222222222222223 2.2222222222222223 5.555555555555555
Error: 61795.71819558703
2.2222222222222223 2.2222222222222223 6.666666666666667
Error: 61795.71819558703
2.2222222222222223 2.2222222222222223 7.777777777777779
Error: 61795.71819558703
2.2222222222222223 2.2222222222222223 8.88888888888889
Error: 61795.71819558703
2.2222222222222223 2.2222222222222223 10.0
Error: 61795.71819558703
2.2222222222222223 3.3333333333333335 0.0
Error: 61795.71819558703
2.2222222222222223 3.3333333333333335 1.1111111111111112
Error: 61795.71819558703
2.2222222222222223 3.3333333333333335 2.2222222222222223
Error: 61795.71819558703
2.2222222222222223 3.3333333333333335 3.3333333333333335
Error: 61795.71819558703
2.2222222222222223 3.3333333333333335 4.444444444444445
Error: 61795.71819558703
2.2222222222222223 3.3333333333333335 5.555555555555555
Error: 61795.71819558703
2.2222222222222223 3.3333333333333335 6.666666666666667
Error: 61795.71819558703
2.2222222222222223 3.3333333333333335 7.777777777777779
Error: 61795.71819558703
2.2222222222222223 3.3333333333333335 8.88888888888889
Error: 61795.71819558703
2.2222222222222223 3.3333333333333335 10.0
Error: 61795.71819558703
2.2222222222222223 4.444444444444445 0.0
Error: 61795.71819558703
2.2222222222222223 4.444444444444445 1.1111111111111112
Error: 61795.71819558703
2.2222222222222223 4.444444444444445 2.2222222222222223
Error: 61795.71819558703
2.2222222222222223 4.444444444444445 3.3333333333333335
Error: 61795.71819558703
2.2222222222222223 4.444444444444445 4.444444444444445
Error: 61795.71819558703
2.2222222222222223 4.444444444444445 5.555555555555555
Error: 61795.71819558703
2.2222222222222223 4.444444444444445 6.666666666666667
Error: 61795.71819558703
2.2222222222222223 4.444444444444445 7.777777777777779
Error: 61795.71819558703
2.2222222222222223 4.444444444444445 8.88888888888889
Error: 61795.71819558703
2.2222222222222223 4.444444444444445 10.0
Error: 61795.71819558703
2.2222222222222223 5.555555555555555 0.0
Error: 61795.71819558703
2.2222222222222223 5.555555555555555 1.1111111111111112
Error: 61795.71819558703
2.2222222222222223 5.555555555555555 2.2222222222222223
Error: 61795.71819558703
2.2222222222222223 5.555555555555555 3.3333333333333335
Error: 61795.71819558703
2.2222222222222223 5.555555555555555 4.444444444444445
Error: 61795.71819558703
2.2222222222222223 5.555555555555555 5.555555555555555
Error: 61795.71819558703
2.2222222222222223 5.555555555555555 6.666666666666667
Error: 61795.71819558703
2.2222222222222223 5.555555555555555 7.777777777777779
Error: 61795.71819558703
2.2222222222222223 5.555555555555555 8.88888888888889
Error: 61795.71819558703
2.2222222222222223 5.555555555555555 10.0
Error: 61795.71819558703
2.2222222222222223 6.666666666666667 0.0
Error: 61795.71819558703
2.2222222222222223 6.666666666666667 1.1111111111111112
Error: 61795.71819558703
2.2222222222222223 6.666666666666667 2.2222222222222223
Error: 61795.71819558703
2.2222222222222223 6.666666666666667 3.3333333333333335
Error: 61795.71819558703
2.2222222222222223 6.666666666666667 4.444444444444445
Error: 61795.71819558703
2.2222222222222223 6.666666666666667 5.555555555555555
Error: 61795.71819558703
2.2222222222222223 6.666666666666667 6.666666666666667
Error: 61795.71819558703
2.2222222222222223 6.666666666666667 7.777777777777779
Error: 61795.71819558703
2.2222222222222223 6.666666666666667 8.88888888888889
Error: 61795.71819558703
2.2222222222222223 6.666666666666667 10.0
Error: 61795.71819558703
2.2222222222222223 7.777777777777779 0.0
Error: 61795.71819558703
2.2222222222222223 7.777777777777779 1.1111111111111112
Error: 61795.71819558703
2.2222222222222223 7.777777777777779 2.2222222222222223
Error: 61795.71819558703
2.2222222222222223 7.777777777777779 3.3333333333333335
Error: 61795.71819558703
2.2222222222222223 7.777777777777779 4.444444444444445
Error: 61795.71819558703
2.2222222222222223 7.777777777777779 5.555555555555555
Error: 61795.71819558703
2.2222222222222223 7.777777777777779 6.666666666666667
Error: 61795.71819558703
2.2222222222222223 7.777777777777779 7.777777777777779
Error: 61795.71819558703
2.2222222222222223 7.777777777777779 8.88888888888889
Error: 61795.71819558703
2.2222222222222223 7.777777777777779 10.0
Error: 61795.71819558703
2.2222222222222223 8.88888888888889 0.0
Error: 61795.71819558703
2.2222222222222223 8.88888888888889 1.1111111111111112
Error: 61795.71819558703
2.2222222222222223 8.88888888888889 2.2222222222222223
Error: 61795.71819558703
2.2222222222222223 8.88888888888889 3.3333333333333335
Error: 61795.71819558703
2.2222222222222223 8.88888888888889 4.444444444444445
Error: 61795.71819558703
2.2222222222222223 8.88888888888889 5.555555555555555
Error: 61795.71819558703
2.2222222222222223 8.88888888888889 6.666666666666667
Error: 61795.71819558703
2.2222222222222223 8.88888888888889 7.777777777777779
Error: 61795.71819558703
2.2222222222222223 8.88888888888889 8.88888888888889
Error: 61795.71819558703
2.2222222222222223 8.88888888888889 10.0
Error: 61795.71819558703
2.2222222222222223 10.0 0.0
Error: 61795.71819558703
2.2222222222222223 10.0 1.1111111111111112
Error: 61795.71819558703
2.2222222222222223 10.0 2.2222222222222223
Error: 61795.71819558703
2.2222222222222223 10.0 3.3333333333333335
Error: 61795.71819558703
2.2222222222222223 10.0 4.444444444444445
Error: 61795.71819558703
2.2222222222222223 10.0 5.555555555555555
Error: 61795.71819558703
2.2222222222222223 10.0 6.666666666666667
Error: 61795.71819558703
2.2222222222222223 10.0 7.777777777777779
Error: 61795.71819558703
2.2222222222222223 10.0 8.88888888888889
Error: 61795.71819558703
2.2222222222222223 10.0 10.0
Error: 61795.71819558703
3.3333333333333335 0.0 0.0
Error: 61795.71819558703
3.3333333333333335 0.0 1.1111111111111112
Error: 61795.71819558703
3.3333333333333335 0.0 2.2222222222222223
Error: 61795.71819558703
3.3333333333333335 0.0 3.3333333333333335
Error: 61795.71819558703
3.3333333333333335 0.0 4.444444444444445
Error: 61795.71819558703
3.3333333333333335 0.0 5.555555555555555
Error: 61795.71819558703
3.3333333333333335 0.0 6.666666666666667
Error: 61795.71819558703
3.3333333333333335 0.0 7.777777777777779
Error: 61795.71819558703
3.3333333333333335 0.0 8.88888888888889
Error: 61795.71819558703
3.3333333333333335 0.0 10.0
Error: 61795.71819558703
3.3333333333333335 1.1111111111111112 0.0
Error: 61795.71819558703
3.3333333333333335 1.1111111111111112 1.1111111111111112
Error: 61795.71819558703
3.3333333333333335 1.1111111111111112 2.2222222222222223
Error: 61795.71819558703
3.3333333333333335 1.1111111111111112 3.3333333333333335
Error: 61795.71819558703
3.3333333333333335 1.1111111111111112 4.444444444444445
Error: 61795.71819558703
3.3333333333333335 1.1111111111111112 5.555555555555555
Error: 61795.71819558703
3.3333333333333335 1.1111111111111112 6.666666666666667
Error: 61795.71819558703
3.3333333333333335 1.1111111111111112 7.777777777777779
Error: 61795.71819558703
3.3333333333333335 1.1111111111111112 8.88888888888889
Error: 61795.71819558703
3.3333333333333335 1.1111111111111112 10.0
Error: 61795.71819558703
3.3333333333333335 2.2222222222222223 0.0
Error: 61795.71819558703
3.3333333333333335 2.2222222222222223 1.1111111111111112
Error: 61795.71819558703
3.3333333333333335 2.2222222222222223 2.2222222222222223
Error: 61795.71819558703
3.3333333333333335 2.2222222222222223 3.3333333333333335
Error: 61795.71819558703
3.3333333333333335 2.2222222222222223 4.444444444444445
Error: 61795.71819558703
3.3333333333333335 2.2222222222222223 5.555555555555555
Error: 61795.71819558703
3.3333333333333335 2.2222222222222223 6.666666666666667
Error: 61795.71819558703
3.3333333333333335 2.2222222222222223 7.777777777777779
Error: 61795.71819558703
3.3333333333333335 2.2222222222222223 8.88888888888889
Error: 61795.71819558703
3.3333333333333335 2.2222222222222223 10.0
Error: 61795.71819558703
3.3333333333333335 3.3333333333333335 0.0
Error: 61795.71819558703
3.3333333333333335 3.3333333333333335 1.1111111111111112
Error: 61795.71819558703
3.3333333333333335 3.3333333333333335 2.2222222222222223
Error: 61795.71819558703
3.3333333333333335 3.3333333333333335 3.3333333333333335
Error: 61795.71819558703
3.3333333333333335 3.3333333333333335 4.444444444444445
Error: 61795.71819558703
3.3333333333333335 3.3333333333333335 5.555555555555555
Error: 61795.71819558703
3.3333333333333335 3.3333333333333335 6.666666666666667
Error: 61795.71819558703
3.3333333333333335 3.3333333333333335 7.777777777777779
Error: 61795.71819558703
3.3333333333333335 3.3333333333333335 8.88888888888889
Error: 61795.71819558703
3.3333333333333335 3.3333333333333335 10.0
Error: 61795.71819558703
3.3333333333333335 4.444444444444445 0.0
Error: 61795.71819558703
3.3333333333333335 4.444444444444445 1.1111111111111112
Error: 61795.71819558703
3.3333333333333335 4.444444444444445 2.2222222222222223
Error: 61795.71819558703
3.3333333333333335 4.444444444444445 3.3333333333333335
Error: 61795.71819558703
3.3333333333333335 4.444444444444445 4.444444444444445
Error: 61795.71819558703
3.3333333333333335 4.444444444444445 5.555555555555555
Error: 61795.71819558703
3.3333333333333335 4.444444444444445 6.666666666666667
Error: 61795.71819558703
3.3333333333333335 4.444444444444445 7.777777777777779
Error: 61795.71819558703
3.3333333333333335 4.444444444444445 8.88888888888889
Error: 61795.71819558703
3.3333333333333335 4.444444444444445 10.0
Error: 61795.71819558703
3.3333333333333335 5.555555555555555 0.0
Error: 61795.71819558703
3.3333333333333335 5.555555555555555 1.1111111111111112
Error: 61795.71819558703
3.3333333333333335 5.555555555555555 2.2222222222222223
Error: 61795.71819558703
3.3333333333333335 5.555555555555555 3.3333333333333335
Error: 61795.71819558703
3.3333333333333335 5.555555555555555 4.444444444444445
Error: 61795.71819558703
3.3333333333333335 5.555555555555555 5.555555555555555
Error: 61795.71819558703
3.3333333333333335 5.555555555555555 6.666666666666667
Error: 61795.71819558703
3.3333333333333335 5.555555555555555 7.777777777777779
Error: 61795.71819558703
3.3333333333333335 5.555555555555555 8.88888888888889
Error: 61795.71819558703
3.3333333333333335 5.555555555555555 10.0
Error: 61795.71819558703
3.3333333333333335 6.666666666666667 0.0
Error: 61795.71819558703
3.3333333333333335 6.666666666666667 1.1111111111111112
Error: 61795.71819558703
3.3333333333333335 6.666666666666667 2.2222222222222223
Error: 61795.71819558703
3.3333333333333335 6.666666666666667 3.3333333333333335
Error: 61795.71819558703
3.3333333333333335 6.666666666666667 4.444444444444445
Error: 61795.71819558703
3.3333333333333335 6.666666666666667 5.555555555555555
Error: 61795.71819558703
3.3333333333333335 6.666666666666667 6.666666666666667
Error: 61795.71819558703
3.3333333333333335 6.666666666666667 7.777777777777779
Error: 61795.71819558703
3.3333333333333335 6.666666666666667 8.88888888888889
Error: 61795.71819558703
3.3333333333333335 6.666666666666667 10.0
Error: 61795.71819558703
3.3333333333333335 7.777777777777779 0.0
Error: 61795.71819558703
3.3333333333333335 7.777777777777779 1.1111111111111112
Error: 61795.71819558703
3.3333333333333335 7.777777777777779 2.2222222222222223
Error: 61795.71819558703
3.3333333333333335 7.777777777777779 3.3333333333333335
Error: 61795.71819558703
3.3333333333333335 7.777777777777779 4.444444444444445
Error: 61795.71819558703
3.3333333333333335 7.777777777777779 5.555555555555555
Error: 61795.71819558703
3.3333333333333335 7.777777777777779 6.666666666666667
Error: 61795.71819558703
3.3333333333333335 7.777777777777779 7.777777777777779
Error: 61795.71819558703
3.3333333333333335 7.777777777777779 8.88888888888889
Error: 61795.71819558703
3.3333333333333335 7.777777777777779 10.0
Error: 61795.71819558703
3.3333333333333335 8.88888888888889 0.0
Error: 61795.71819558703
3.3333333333333335 8.88888888888889 1.1111111111111112
Error: 61795.71819558703
3.3333333333333335 8.88888888888889 2.2222222222222223
Error: 61795.71819558703
3.3333333333333335 8.88888888888889 3.3333333333333335
Error: 61795.71819558703
3.3333333333333335 8.88888888888889 4.444444444444445
Error: 61795.71819558703
3.3333333333333335 8.88888888888889 5.555555555555555
Error: 61795.71819558703
3.3333333333333335 8.88888888888889 6.666666666666667
Error: 61795.71819558703
3.3333333333333335 8.88888888888889 7.777777777777779
Error: 61795.71819558703
3.3333333333333335 8.88888888888889 8.88888888888889
Error: 61795.71819558703
3.3333333333333335 8.88888888888889 10.0
Error: 61795.71819558703
3.3333333333333335 10.0 0.0
Error: 61795.71819558703
3.3333333333333335 10.0 1.1111111111111112
Error: 61795.71819558703
3.3333333333333335 10.0 2.2222222222222223
Error: 61795.71819558703
3.3333333333333335 10.0 3.3333333333333335
Error: 61795.71819558703
3.3333333333333335 10.0 4.444444444444445
Error: 61795.71819558703
3.3333333333333335 10.0 5.555555555555555
Error: 61795.71819558703
3.3333333333333335 10.0 6.666666666666667
Error: 61795.71819558703
3.3333333333333335 10.0 7.777777777777779
Error: 61795.71819558703
3.3333333333333335 10.0 8.88888888888889
Error: 61795.71819558703
3.3333333333333335 10.0 10.0
Error: 61795.71819558703
4.444444444444445 0.0 0.0
Error: 61795.71819558703
4.444444444444445 0.0 1.1111111111111112
Error: 61795.71819558703
4.444444444444445 0.0 2.2222222222222223
Error: 61795.71819558703
4.444444444444445 0.0 3.3333333333333335
Error: 61795.71819558703
4.444444444444445 0.0 4.444444444444445
Error: 61795.71819558703
4.444444444444445 0.0 5.555555555555555
Error: 61795.71819558703
4.444444444444445 0.0 6.666666666666667
Error: 61795.71819558703
4.444444444444445 0.0 7.777777777777779
Error: 61795.71819558703
4.444444444444445 0.0 8.88888888888889
Error: 61795.71819558703
4.444444444444445 0.0 10.0
Error: 61795.71819558703
4.444444444444445 1.1111111111111112 0.0
Error: 61795.71819558703
4.444444444444445 1.1111111111111112 1.1111111111111112
Error: 61795.71819558703
4.444444444444445 1.1111111111111112 2.2222222222222223
Error: 61795.71819558703
4.444444444444445 1.1111111111111112 3.3333333333333335
Error: 61795.71819558703
4.444444444444445 1.1111111111111112 4.444444444444445
Error: 61795.71819558703
4.444444444444445 1.1111111111111112 5.555555555555555
Error: 61795.71819558703
4.444444444444445 1.1111111111111112 6.666666666666667
Error: 61795.71819558703
4.444444444444445 1.1111111111111112 7.777777777777779
Error: 61795.71819558703
4.444444444444445 1.1111111111111112 8.88888888888889
Error: 61795.71819558703
4.444444444444445 1.1111111111111112 10.0
Error: 61795.71819558703
4.444444444444445 2.2222222222222223 0.0
Error: 61795.71819558703
4.444444444444445 2.2222222222222223 1.1111111111111112
Error: 61795.71819558703
4.444444444444445 2.2222222222222223 2.2222222222222223
Error: 61795.71819558703
4.444444444444445 2.2222222222222223 3.3333333333333335
Error: 61795.71819558703
4.444444444444445 2.2222222222222223 4.444444444444445
Error: 61795.71819558703
4.444444444444445 2.2222222222222223 5.555555555555555
Error: 61795.71819558703
4.444444444444445 2.2222222222222223 6.666666666666667
Error: 61795.71819558703
4.444444444444445 2.2222222222222223 7.777777777777779
Error: 61795.71819558703
4.444444444444445 2.2222222222222223 8.88888888888889
Error: 61795.71819558703
4.444444444444445 2.2222222222222223 10.0
Error: 61795.71819558703
4.444444444444445 3.3333333333333335 0.0
Error: 61795.71819558703
4.444444444444445 3.3333333333333335 1.1111111111111112
Error: 61795.71819558703
4.444444444444445 3.3333333333333335 2.2222222222222223
Error: 61795.71819558703
4.444444444444445 3.3333333333333335 3.3333333333333335
Error: 61795.71819558703
4.444444444444445 3.3333333333333335 4.444444444444445
Error: 61795.71819558703
4.444444444444445 3.3333333333333335 5.555555555555555
Error: 61795.71819558703
4.444444444444445 3.3333333333333335 6.666666666666667
Error: 61795.71819558703
4.444444444444445 3.3333333333333335 7.777777777777779
Error: 61795.71819558703
4.444444444444445 3.3333333333333335 8.88888888888889
Error: 61795.71819558703
4.444444444444445 3.3333333333333335 10.0
Error: 61795.71819558703
4.444444444444445 4.444444444444445 0.0
Error: 61795.71819558703
4.444444444444445 4.444444444444445 1.1111111111111112
Error: 61795.71819558703
4.444444444444445 4.444444444444445 2.2222222222222223
Error: 61795.71819558703
4.444444444444445 4.444444444444445 3.3333333333333335
Error: 61795.71819558703
4.444444444444445 4.444444444444445 4.444444444444445
Error: 61795.71819558703
4.444444444444445 4.444444444444445 5.555555555555555
Error: 61795.71819558703
4.444444444444445 4.444444444444445 6.666666666666667
Error: 61795.71819558703
4.444444444444445 4.444444444444445 7.777777777777779
Error: 61795.71819558703
4.444444444444445 4.444444444444445 8.88888888888889
Error: 61795.71819558703
4.444444444444445 4.444444444444445 10.0
Error: 61795.71819558703
4.444444444444445 5.555555555555555 0.0
Error: 61795.71819558703
4.444444444444445 5.555555555555555 1.1111111111111112
Error: 61795.71819558703
4.444444444444445 5.555555555555555 2.2222222222222223
Error: 61795.71819558703
4.444444444444445 5.555555555555555 3.3333333333333335
Error: 61795.71819558703
4.444444444444445 5.555555555555555 4.444444444444445
Error: 61795.71819558703
4.444444444444445 5.555555555555555 5.555555555555555
Error: 61795.71819558703
4.444444444444445 5.555555555555555 6.666666666666667
Error: 61795.71819558703
4.444444444444445 5.555555555555555 7.777777777777779
Error: 61795.71819558703
4.444444444444445 5.555555555555555 8.88888888888889
Error: 61795.71819558703
4.444444444444445 5.555555555555555 10.0
Error: 61795.71819558703
4.444444444444445 6.666666666666667 0.0
Error: 61795.71819558703
4.444444444444445 6.666666666666667 1.1111111111111112
Error: 61795.71819558703
4.444444444444445 6.666666666666667 2.2222222222222223
Error: 61795.71819558703
4.444444444444445 6.666666666666667 3.3333333333333335
Error: 61795.71819558703
4.444444444444445 6.666666666666667 4.444444444444445
Error: 61795.71819558703
4.444444444444445 6.666666666666667 5.555555555555555
Error: 61795.71819558703
4.444444444444445 6.666666666666667 6.666666666666667
Error: 61795.71819558703
4.444444444444445 6.666666666666667 7.777777777777779
Error: 61795.71819558703
4.444444444444445 6.666666666666667 8.88888888888889
Error: 61795.71819558703
4.444444444444445 6.666666666666667 10.0
Error: 61795.71819558703
4.444444444444445 7.777777777777779 0.0
Error: 61795.71819558703
4.444444444444445 7.777777777777779 1.1111111111111112
Error: 61795.71819558703
4.444444444444445 7.777777777777779 2.2222222222222223
Error: 61795.71819558703
4.444444444444445 7.777777777777779 3.3333333333333335
Error: 61795.71819558703
4.444444444444445 7.777777777777779 4.444444444444445
Error: 61795.71819558703
4.444444444444445 7.777777777777779 5.555555555555555
Error: 61795.71819558703
4.444444444444445 7.777777777777779 6.666666666666667
Error: 61795.71819558703
4.444444444444445 7.777777777777779 7.777777777777779
Error: 61795.71819558703
4.444444444444445 7.777777777777779 8.88888888888889
Error: 61795.71819558703
4.444444444444445 7.777777777777779 10.0
Error: 61795.71819558703
4.444444444444445 8.88888888888889 0.0
Error: 61795.71819558703
4.444444444444445 8.88888888888889 1.1111111111111112
Error: 61795.71819558703
4.444444444444445 8.88888888888889 2.2222222222222223
Error: 61795.71819558703
4.444444444444445 8.88888888888889 3.3333333333333335
Error: 61795.71819558703
4.444444444444445 8.88888888888889 4.444444444444445
Error: 61795.71819558703
4.444444444444445 8.88888888888889 5.555555555555555
Error: 61795.71819558703
4.444444444444445 8.88888888888889 6.666666666666667
Error: 61795.71819558703
4.444444444444445 8.88888888888889 7.777777777777779
Error: 61795.71819558703
4.444444444444445 8.88888888888889 8.88888888888889
Error: 61795.71819558703
4.444444444444445 8.88888888888889 10.0
Error: 61795.71819558703
4.444444444444445 10.0 0.0
Error: 61795.71819558703
4.444444444444445 10.0 1.1111111111111112
Error: 61795.71819558703
4.444444444444445 10.0 2.2222222222222223
Error: 61795.71819558703
4.444444444444445 10.0 3.3333333333333335
Error: 61795.71819558703
4.444444444444445 10.0 4.444444444444445
Error: 61795.71819558703
4.444444444444445 10.0 5.555555555555555
Error: 61795.71819558703
4.444444444444445 10.0 6.666666666666667
Error: 61795.71819558703
4.444444444444445 10.0 7.777777777777779
Error: 61795.71819558703
4.444444444444445 10.0 8.88888888888889
Error: 61795.71819558703
4.444444444444445 10.0 10.0
Error: 61795.71819558703
5.555555555555555 0.0 0.0
Error: 61795.71819558703
5.555555555555555 0.0 1.1111111111111112
Error: 61795.71819558703
5.555555555555555 0.0 2.2222222222222223
Error: 61795.71819558703
5.555555555555555 0.0 3.3333333333333335
Error: 61795.71819558703
5.555555555555555 0.0 4.444444444444445
Error: 61795.71819558703
5.555555555555555 0.0 5.555555555555555
Error: 61795.71819558703
5.555555555555555 0.0 6.666666666666667
Error: 61795.71819558703
5.555555555555555 0.0 7.777777777777779
Error: 61795.71819558703
5.555555555555555 0.0 8.88888888888889
Error: 61795.71819558703
5.555555555555555 0.0 10.0
Error: 61795.71819558703
5.555555555555555 1.1111111111111112 0.0
Error: 61795.71819558703
5.555555555555555 1.1111111111111112 1.1111111111111112
Error: 61795.71819558703
5.555555555555555 1.1111111111111112 2.2222222222222223
Error: 61795.71819558703
5.555555555555555 1.1111111111111112 3.3333333333333335
Error: 61795.71819558703
5.555555555555555 1.1111111111111112 4.444444444444445
Error: 61795.71819558703
5.555555555555555 1.1111111111111112 5.555555555555555
Error: 61795.71819558703
5.555555555555555 1.1111111111111112 6.666666666666667
Error: 61795.71819558703
5.555555555555555 1.1111111111111112 7.777777777777779
Error: 61795.71819558703
5.555555555555555 1.1111111111111112 8.88888888888889
Error: 61795.71819558703
5.555555555555555 1.1111111111111112 10.0
Error: 61795.71819558703
5.555555555555555 2.2222222222222223 0.0
Error: 61795.71819558703
5.555555555555555 2.2222222222222223 1.1111111111111112
Error: 61795.71819558703
5.555555555555555 2.2222222222222223 2.2222222222222223
Error: 61795.71819558703
5.555555555555555 2.2222222222222223 3.3333333333333335
Error: 61795.71819558703
5.555555555555555 2.2222222222222223 4.444444444444445
Error: 61795.71819558703
5.555555555555555 2.2222222222222223 5.555555555555555
Error: 61795.71819558703
5.555555555555555 2.2222222222222223 6.666666666666667
Error: 61795.71819558703
5.555555555555555 2.2222222222222223 7.777777777777779
Error: 61795.71819558703
5.555555555555555 2.2222222222222223 8.88888888888889
Error: 61795.71819558703
5.555555555555555 2.2222222222222223 10.0
Error: 61795.71819558703
5.555555555555555 3.3333333333333335 0.0
Error: 61795.71819558703
5.555555555555555 3.3333333333333335 1.1111111111111112
Error: 61795.71819558703
5.555555555555555 3.3333333333333335 2.2222222222222223
Error: 61795.71819558703
5.555555555555555 3.3333333333333335 3.3333333333333335
Error: 61795.71819558703
5.555555555555555 3.3333333333333335 4.444444444444445
Error: 61795.71819558703
5.555555555555555 3.3333333333333335 5.555555555555555
Error: 61795.71819558703
5.555555555555555 3.3333333333333335 6.666666666666667
Error: 61795.71819558703
5.555555555555555 3.3333333333333335 7.777777777777779
Error: 61795.71819558703
5.555555555555555 3.3333333333333335 8.88888888888889
Error: 61795.71819558703
5.555555555555555 3.3333333333333335 10.0
Error: 61795.71819558703
5.555555555555555 4.444444444444445 0.0
Error: 61795.71819558703
5.555555555555555 4.444444444444445 1.1111111111111112
Error: 61795.71819558703
5.555555555555555 4.444444444444445 2.2222222222222223
Error: 61795.71819558703
5.555555555555555 4.444444444444445 3.3333333333333335
Error: 61795.71819558703
5.555555555555555 4.444444444444445 4.444444444444445
Error: 61795.71819558703
5.555555555555555 4.444444444444445 5.555555555555555
Error: 61795.71819558703
5.555555555555555 4.444444444444445 6.666666666666667
Error: 61795.71819558703
5.555555555555555 4.444444444444445 7.777777777777779
Error: 61795.71819558703
5.555555555555555 4.444444444444445 8.88888888888889
Error: 61795.71819558703
5.555555555555555 4.444444444444445 10.0
Error: 61795.71819558703
5.555555555555555 5.555555555555555 0.0
Error: 61795.71819558703
5.555555555555555 5.555555555555555 1.1111111111111112
Error: 61795.71819558703
5.555555555555555 5.555555555555555 2.2222222222222223
Error: 61795.71819558703
5.555555555555555 5.555555555555555 3.3333333333333335
Error: 61795.71819558703
5.555555555555555 5.555555555555555 4.444444444444445
Error: 61795.71819558703
5.555555555555555 5.555555555555555 5.555555555555555
Error: 61795.71819558703
5.555555555555555 5.555555555555555 6.666666666666667
Error: 61795.71819558703
5.555555555555555 5.555555555555555 7.777777777777779
Error: 61795.71819558703
5.555555555555555 5.555555555555555 8.88888888888889
Error: 61795.71819558703
5.555555555555555 5.555555555555555 10.0
Error: 61795.71819558703
5.555555555555555 6.666666666666667 0.0
Error: 61795.71819558703
5.555555555555555 6.666666666666667 1.1111111111111112
Error: 61795.71819558703
5.555555555555555 6.666666666666667 2.2222222222222223
Error: 61795.71819558703
5.555555555555555 6.666666666666667 3.3333333333333335
Error: 61795.71819558703
5.555555555555555 6.666666666666667 4.444444444444445
Error: 61795.71819558703
5.555555555555555 6.666666666666667 5.555555555555555
Error: 61795.71819558703
5.555555555555555 6.666666666666667 6.666666666666667
Error: 61795.71819558703
5.555555555555555 6.666666666666667 7.777777777777779
Error: 61795.71819558703
5.555555555555555 6.666666666666667 8.88888888888889
Error: 61795.71819558703
5.555555555555555 6.666666666666667 10.0
Error: 61795.71819558703
5.555555555555555 7.777777777777779 0.0
Error: 61795.71819558703
5.555555555555555 7.777777777777779 1.1111111111111112
Error: 61795.71819558703
5.555555555555555 7.777777777777779 2.2222222222222223
Error: 61795.71819558703
5.555555555555555 7.777777777777779 3.3333333333333335
Error: 61795.71819558703
5.555555555555555 7.777777777777779 4.444444444444445
Error: 61795.71819558703
5.555555555555555 7.777777777777779 5.555555555555555
Error: 61795.71819558703
5.555555555555555 7.777777777777779 6.666666666666667
Error: 61795.71819558703
5.555555555555555 7.777777777777779 7.777777777777779
Error: 61795.71819558703
5.555555555555555 7.777777777777779 8.88888888888889
Error: 61795.71819558703
5.555555555555555 7.777777777777779 10.0
Error: 61795.71819558703
5.555555555555555 8.88888888888889 0.0
Error: 61795.71819558703
5.555555555555555 8.88888888888889 1.1111111111111112
Error: 61795.71819558703
5.555555555555555 8.88888888888889 2.2222222222222223
Error: 61795.71819558703
5.555555555555555 8.88888888888889 3.3333333333333335
Error: 61795.71819558703
5.555555555555555 8.88888888888889 4.444444444444445
Error: 61795.71819558703
5.555555555555555 8.88888888888889 5.555555555555555
Error: 61795.71819558703
5.555555555555555 8.88888888888889 6.666666666666667
Error: 61795.71819558703
5.555555555555555 8.88888888888889 7.777777777777779
Error: 61795.71819558703
5.555555555555555 8.88888888888889 8.88888888888889
Error: 61795.71819558703
5.555555555555555 8.88888888888889 10.0
Error: 61795.71819558703
5.555555555555555 10.0 0.0
Error: 61795.71819558703
5.555555555555555 10.0 1.1111111111111112
Error: 61795.71819558703
5.555555555555555 10.0 2.2222222222222223
Error: 61795.71819558703
5.555555555555555 10.0 3.3333333333333335
Error: 61795.71819558703
5.555555555555555 10.0 4.444444444444445
Error: 61795.71819558703
5.555555555555555 10.0 5.555555555555555
Error: 61795.71819558703
5.555555555555555 10.0 6.666666666666667
Error: 61795.71819558703
5.555555555555555 10.0 7.777777777777779
Error: 61795.71819558703
5.555555555555555 10.0 8.88888888888889
Error: 61795.71819558703
5.555555555555555 10.0 10.0
Error: 61795.71819558703
6.666666666666667 0.0 0.0
Error: 61795.71819558703
6.666666666666667 0.0 1.1111111111111112
Error: 61795.71819558703
6.666666666666667 0.0 2.2222222222222223
Error: 61795.71819558703
6.666666666666667 0.0 3.3333333333333335
Error: 61795.71819558703
6.666666666666667 0.0 4.444444444444445
Error: 61795.71819558703
6.666666666666667 0.0 5.555555555555555
Error: 61795.71819558703
6.666666666666667 0.0 6.666666666666667
Error: 61795.71819558703
6.666666666666667 0.0 7.777777777777779
Error: 61795.71819558703
6.666666666666667 0.0 8.88888888888889
Error: 61795.71819558703
6.666666666666667 0.0 10.0
Error: 61795.71819558703
6.666666666666667 1.1111111111111112 0.0
Error: 61795.71819558703
6.666666666666667 1.1111111111111112 1.1111111111111112
Error: 61795.71819558703
6.666666666666667 1.1111111111111112 2.2222222222222223
Error: 61795.71819558703
6.666666666666667 1.1111111111111112 3.3333333333333335
Error: 61795.71819558703
6.666666666666667 1.1111111111111112 4.444444444444445
Error: 61795.71819558703
6.666666666666667 1.1111111111111112 5.555555555555555
Error: 61795.71819558703
6.666666666666667 1.1111111111111112 6.666666666666667
Error: 61795.71819558703
6.666666666666667 1.1111111111111112 7.777777777777779
Error: 61795.71819558703
6.666666666666667 1.1111111111111112 8.88888888888889
Error: 61795.71819558703
6.666666666666667 1.1111111111111112 10.0
Error: 61795.71819558703
6.666666666666667 2.2222222222222223 0.0
Error: 61795.71819558703
6.666666666666667 2.2222222222222223 1.1111111111111112
Error: 61795.71819558703
6.666666666666667 2.2222222222222223 2.2222222222222223
Error: 61795.71819558703
6.666666666666667 2.2222222222222223 3.3333333333333335
Error: 61795.71819558703
6.666666666666667 2.2222222222222223 4.444444444444445
Error: 61795.71819558703
6.666666666666667 2.2222222222222223 5.555555555555555
Error: 61795.71819558703
6.666666666666667 2.2222222222222223 6.666666666666667
Error: 61795.71819558703
6.666666666666667 2.2222222222222223 7.777777777777779
Error: 61795.71819558703
6.666666666666667 2.2222222222222223 8.88888888888889
Error: 61795.71819558703
6.666666666666667 2.2222222222222223 10.0
Error: 61795.71819558703
6.666666666666667 3.3333333333333335 0.0
Error: 61795.71819558703
6.666666666666667 3.3333333333333335 1.1111111111111112
Error: 61795.71819558703
6.666666666666667 3.3333333333333335 2.2222222222222223
Error: 61795.71819558703
6.666666666666667 3.3333333333333335 3.3333333333333335
Error: 61795.71819558703
6.666666666666667 3.3333333333333335 4.444444444444445
Error: 61795.71819558703
6.666666666666667 3.3333333333333335 5.555555555555555
Error: 61795.71819558703
6.666666666666667 3.3333333333333335 6.666666666666667
Error: 61795.71819558703
6.666666666666667 3.3333333333333335 7.777777777777779
Error: 61795.71819558703
6.666666666666667 3.3333333333333335 8.88888888888889
Error: 61795.71819558703
6.666666666666667 3.3333333333333335 10.0
Error: 61795.71819558703
6.666666666666667 4.444444444444445 0.0
Error: 61795.71819558703
6.666666666666667 4.444444444444445 1.1111111111111112
Error: 61795.71819558703
6.666666666666667 4.444444444444445 2.2222222222222223
Error: 61795.71819558703
6.666666666666667 4.444444444444445 3.3333333333333335
Error: 61795.71819558703
6.666666666666667 4.444444444444445 4.444444444444445
Error: 61795.71819558703
6.666666666666667 4.444444444444445 5.555555555555555
Error: 61795.71819558703
6.666666666666667 4.444444444444445 6.666666666666667
Error: 61795.71819558703
6.666666666666667 4.444444444444445 7.777777777777779
Error: 61795.71819558703
6.666666666666667 4.444444444444445 8.88888888888889
Error: 61795.71819558703
6.666666666666667 4.444444444444445 10.0
Error: 61795.71819558703
6.666666666666667 5.555555555555555 0.0
Error: 61795.71819558703
6.666666666666667 5.555555555555555 1.1111111111111112
Error: 61795.71819558703
6.666666666666667 5.555555555555555 2.2222222222222223
Error: 61795.71819558703
6.666666666666667 5.555555555555555 3.3333333333333335
Error: 61795.71819558703
6.666666666666667 5.555555555555555 4.444444444444445
Error: 61795.71819558703
6.666666666666667 5.555555555555555 5.555555555555555
Error: 61795.71819558703
6.666666666666667 5.555555555555555 6.666666666666667
Error: 61795.71819558703
6.666666666666667 5.555555555555555 7.777777777777779
Error: 61795.71819558703
6.666666666666667 5.555555555555555 8.88888888888889
Error: 61795.71819558703
6.666666666666667 5.555555555555555 10.0
Error: 61795.71819558703
6.666666666666667 6.666666666666667 0.0
Error: 61795.71819558703
6.666666666666667 6.666666666666667 1.1111111111111112
Error: 61795.71819558703
6.666666666666667 6.666666666666667 2.2222222222222223
Error: 61795.71819558703
6.666666666666667 6.666666666666667 3.3333333333333335
Error: 61795.71819558703
6.666666666666667 6.666666666666667 4.444444444444445
Error: 61795.71819558703
6.666666666666667 6.666666666666667 5.555555555555555
Error: 61795.71819558703
6.666666666666667 6.666666666666667 6.666666666666667
Error: 61795.71819558703
6.666666666666667 6.666666666666667 7.777777777777779
Error: 61795.71819558703
6.666666666666667 6.666666666666667 8.88888888888889
Error: 61795.71819558703
6.666666666666667 6.666666666666667 10.0
Error: 61795.71819558703
6.666666666666667 7.777777777777779 0.0
Error: 61795.71819558703
6.666666666666667 7.777777777777779 1.1111111111111112
Error: 61795.71819558703
6.666666666666667 7.777777777777779 2.2222222222222223
Error: 61795.71819558703
6.666666666666667 7.777777777777779 3.3333333333333335
Error: 61795.71819558703
6.666666666666667 7.777777777777779 4.444444444444445
Error: 61795.71819558703
6.666666666666667 7.777777777777779 5.555555555555555
Error: 61795.71819558703
6.666666666666667 7.777777777777779 6.666666666666667
Error: 61795.71819558703
6.666666666666667 7.777777777777779 7.777777777777779
Error: 61795.71819558703
6.666666666666667 7.777777777777779 8.88888888888889
Error: 61795.71819558703
6.666666666666667 7.777777777777779 10.0
Error: 61795.71819558703
6.666666666666667 8.88888888888889 0.0
Error: 61795.71819558703
6.666666666666667 8.88888888888889 1.1111111111111112
Error: 61795.71819558703
6.666666666666667 8.88888888888889 2.2222222222222223
Error: 61795.71819558703
6.666666666666667 8.88888888888889 3.3333333333333335
Error: 61795.71819558703
6.666666666666667 8.88888888888889 4.444444444444445
Error: 61795.71819558703
6.666666666666667 8.88888888888889 5.555555555555555
Error: 61795.71819558703
6.666666666666667 8.88888888888889 6.666666666666667
Error: 61795.71819558703
6.666666666666667 8.88888888888889 7.777777777777779
Error: 61795.71819558703
6.666666666666667 8.88888888888889 8.88888888888889
Error: 61795.71819558703
6.666666666666667 8.88888888888889 10.0
Error: 61795.71819558703
6.666666666666667 10.0 0.0
Error: 61795.71819558703
6.666666666666667 10.0 1.1111111111111112
Error: 61795.71819558703
6.666666666666667 10.0 2.2222222222222223
Error: 61795.71819558703
6.666666666666667 10.0 3.3333333333333335
Error: 61795.71819558703
6.666666666666667 10.0 4.444444444444445
Error: 61795.71819558703
6.666666666666667 10.0 5.555555555555555
Error: 61795.71819558703
6.666666666666667 10.0 6.666666666666667
Error: 61795.71819558703
6.666666666666667 10.0 7.777777777777779
Error: 61795.71819558703
6.666666666666667 10.0 8.88888888888889
Error: 61795.71819558703
6.666666666666667 10.0 10.0
Error: 61795.71819558703
7.777777777777779 0.0 0.0
Error: 61795.71819558703
7.777777777777779 0.0 1.1111111111111112
Error: 61795.71819558703
7.777777777777779 0.0 2.2222222222222223
Error: 61795.71819558703
7.777777777777779 0.0 3.3333333333333335
Error: 61795.71819558703
7.777777777777779 0.0 4.444444444444445
Error: 61795.71819558703
7.777777777777779 0.0 5.555555555555555
Error: 61795.71819558703
7.777777777777779 0.0 6.666666666666667
Error: 61795.71819558703
7.777777777777779 0.0 7.777777777777779
Error: 61795.71819558703
7.777777777777779 0.0 8.88888888888889
Error: 61795.71819558703
7.777777777777779 0.0 10.0
Error: 61795.71819558703
7.777777777777779 1.1111111111111112 0.0
Error: 61795.71819558703
7.777777777777779 1.1111111111111112 1.1111111111111112
Error: 61795.71819558703
7.777777777777779 1.1111111111111112 2.2222222222222223
Error: 61795.71819558703
7.777777777777779 1.1111111111111112 3.3333333333333335
Error: 61795.71819558703
7.777777777777779 1.1111111111111112 4.444444444444445
Error: 61795.71819558703
7.777777777777779 1.1111111111111112 5.555555555555555
Error: 61795.71819558703
7.777777777777779 1.1111111111111112 6.666666666666667
Error: 61795.71819558703
7.777777777777779 1.1111111111111112 7.777777777777779
Error: 61795.71819558703
7.777777777777779 1.1111111111111112 8.88888888888889
Error: 61795.71819558703
7.777777777777779 1.1111111111111112 10.0
Error: 61795.71819558703
7.777777777777779 2.2222222222222223 0.0
Error: 61795.71819558703
7.777777777777779 2.2222222222222223 1.1111111111111112
Error: 61795.71819558703
7.777777777777779 2.2222222222222223 2.2222222222222223
Error: 61795.71819558703
7.777777777777779 2.2222222222222223 3.3333333333333335
Error: 61795.71819558703
7.777777777777779 2.2222222222222223 4.444444444444445
Error: 61795.71819558703
7.777777777777779 2.2222222222222223 5.555555555555555
Error: 61795.71819558703
7.777777777777779 2.2222222222222223 6.666666666666667
Error: 61795.71819558703
7.777777777777779 2.2222222222222223 7.777777777777779
Error: 61795.71819558703
7.777777777777779 2.2222222222222223 8.88888888888889
Error: 61795.71819558703
7.777777777777779 2.2222222222222223 10.0
Error: 61795.71819558703
7.777777777777779 3.3333333333333335 0.0
Error: 61795.71819558703
7.777777777777779 3.3333333333333335 1.1111111111111112
Error: 61795.71819558703
7.777777777777779 3.3333333333333335 2.2222222222222223
Error: 61795.71819558703
7.777777777777779 3.3333333333333335 3.3333333333333335
Error: 61795.71819558703
7.777777777777779 3.3333333333333335 4.444444444444445
Error: 61795.71819558703
7.777777777777779 3.3333333333333335 5.555555555555555
Error: 61795.71819558703
7.777777777777779 3.3333333333333335 6.666666666666667
Error: 61795.71819558703
7.777777777777779 3.3333333333333335 7.777777777777779
Error: 61795.71819558703
7.777777777777779 3.3333333333333335 8.88888888888889
Error: 61795.71819558703
7.777777777777779 3.3333333333333335 10.0
Error: 61795.71819558703
7.777777777777779 4.444444444444445 0.0
Error: 61795.71819558703
7.777777777777779 4.444444444444445 1.1111111111111112
Error: 61795.71819558703
7.777777777777779 4.444444444444445 2.2222222222222223
Error: 61795.71819558703
7.777777777777779 4.444444444444445 3.3333333333333335
Error: 61795.71819558703
7.777777777777779 4.444444444444445 4.444444444444445
Error: 61795.71819558703
7.777777777777779 4.444444444444445 5.555555555555555
Error: 61795.71819558703
7.777777777777779 4.444444444444445 6.666666666666667
Error: 61795.71819558703
7.777777777777779 4.444444444444445 7.777777777777779
Error: 61795.71819558703
7.777777777777779 4.444444444444445 8.88888888888889
Error: 61795.71819558703
7.777777777777779 4.444444444444445 10.0
Error: 61795.71819558703
7.777777777777779 5.555555555555555 0.0
Error: 61795.71819558703
7.777777777777779 5.555555555555555 1.1111111111111112
Error: 61795.71819558703
7.777777777777779 5.555555555555555 2.2222222222222223
Error: 61795.71819558703
7.777777777777779 5.555555555555555 3.3333333333333335
Error: 61795.71819558703
7.777777777777779 5.555555555555555 4.444444444444445
Error: 61795.71819558703
7.777777777777779 5.555555555555555 5.555555555555555
Error: 61795.71819558703
7.777777777777779 5.555555555555555 6.666666666666667
Error: 61795.71819558703
7.777777777777779 5.555555555555555 7.777777777777779
Error: 61795.71819558703
7.777777777777779 5.555555555555555 8.88888888888889
Error: 61795.71819558703
7.777777777777779 5.555555555555555 10.0
Error: 61795.71819558703
7.777777777777779 6.666666666666667 0.0
Error: 61795.71819558703
7.777777777777779 6.666666666666667 1.1111111111111112
Error: 61795.71819558703
7.777777777777779 6.666666666666667 2.2222222222222223
Error: 61795.71819558703
7.777777777777779 6.666666666666667 3.3333333333333335
Error: 61795.71819558703
7.777777777777779 6.666666666666667 4.444444444444445
Error: 61795.71819558703
7.777777777777779 6.666666666666667 5.555555555555555
Error: 61795.71819558703
7.777777777777779 6.666666666666667 6.666666666666667
Error: 61795.71819558703
7.777777777777779 6.666666666666667 7.777777777777779
Error: 61795.71819558703
7.777777777777779 6.666666666666667 8.88888888888889
Error: 61795.71819558703
7.777777777777779 6.666666666666667 10.0
Error: 61795.71819558703
7.777777777777779 7.777777777777779 0.0
Error: 61795.71819558703
7.777777777777779 7.777777777777779 1.1111111111111112
Error: 61795.71819558703
7.777777777777779 7.777777777777779 2.2222222222222223
Error: 61795.71819558703
7.777777777777779 7.777777777777779 3.3333333333333335
Error: 61795.71819558703
7.777777777777779 7.777777777777779 4.444444444444445
Error: 61795.71819558703
7.777777777777779 7.777777777777779 5.555555555555555
Error: 61795.71819558703
7.777777777777779 7.777777777777779 6.666666666666667
Error: 61795.71819558703
7.777777777777779 7.777777777777779 7.777777777777779
Error: 61795.71819558703
7.777777777777779 7.777777777777779 8.88888888888889
Error: 61795.71819558703
7.777777777777779 7.777777777777779 10.0
Error: 61795.71819558703
7.777777777777779 8.88888888888889 0.0
Error: 61795.71819558703
7.777777777777779 8.88888888888889 1.1111111111111112
Error: 61795.71819558703
7.777777777777779 8.88888888888889 2.2222222222222223
Error: 61795.71819558703
7.777777777777779 8.88888888888889 3.3333333333333335
Error: 61795.71819558703
7.777777777777779 8.88888888888889 4.444444444444445
Error: 61795.71819558703
7.777777777777779 8.88888888888889 5.555555555555555
Error: 61795.71819558703
7.777777777777779 8.88888888888889 6.666666666666667
Error: 61795.71819558703
7.777777777777779 8.88888888888889 7.777777777777779
Error: 61795.71819558703
7.777777777777779 8.88888888888889 8.88888888888889
Error: 61795.71819558703
7.777777777777779 8.88888888888889 10.0
Error: 61795.71819558703
7.777777777777779 10.0 0.0
Error: 61795.71819558703
7.777777777777779 10.0 1.1111111111111112
Error: 61795.71819558703
7.777777777777779 10.0 2.2222222222222223
Error: 61795.71819558703
7.777777777777779 10.0 3.3333333333333335
Error: 61795.71819558703
7.777777777777779 10.0 4.444444444444445
Error: 61795.71819558703
7.777777777777779 10.0 5.555555555555555
Error: 61795.71819558703
7.777777777777779 10.0 6.666666666666667
Error: 61795.71819558703
7.777777777777779 10.0 7.777777777777779
Error: 61795.71819558703
7.777777777777779 10.0 8.88888888888889
Error: 61795.71819558703
7.777777777777779 10.0 10.0
Error: 61795.71819558703
8.88888888888889 0.0 0.0
Error: 61795.71819558703
8.88888888888889 0.0 1.1111111111111112
Error: 61795.71819558703
8.88888888888889 0.0 2.2222222222222223
Error: 61795.71819558703
8.88888888888889 0.0 3.3333333333333335
Error: 61795.71819558703
8.88888888888889 0.0 4.444444444444445
Error: 61795.71819558703
8.88888888888889 0.0 5.555555555555555
Error: 61795.71819558703
8.88888888888889 0.0 6.666666666666667
Error: 61795.71819558703
8.88888888888889 0.0 7.777777777777779
Error: 61795.71819558703
8.88888888888889 0.0 8.88888888888889
Error: 61795.71819558703
8.88888888888889 0.0 10.0
Error: 61795.71819558703
8.88888888888889 1.1111111111111112 0.0
Error: 61795.71819558703
8.88888888888889 1.1111111111111112 1.1111111111111112
Error: 61795.71819558703
8.88888888888889 1.1111111111111112 2.2222222222222223
Error: 61795.71819558703
8.88888888888889 1.1111111111111112 3.3333333333333335
Error: 61795.71819558703
8.88888888888889 1.1111111111111112 4.444444444444445
Error: 61795.71819558703
8.88888888888889 1.1111111111111112 5.555555555555555
Error: 61795.71819558703
8.88888888888889 1.1111111111111112 6.666666666666667
Error: 61795.71819558703
8.88888888888889 1.1111111111111112 7.777777777777779
Error: 61795.71819558703
8.88888888888889 1.1111111111111112 8.88888888888889
Error: 61795.71819558703
8.88888888888889 1.1111111111111112 10.0
Error: 61795.71819558703
8.88888888888889 2.2222222222222223 0.0
Error: 61795.71819558703
8.88888888888889 2.2222222222222223 1.1111111111111112
Error: 61795.71819558703
8.88888888888889 2.2222222222222223 2.2222222222222223
Error: 61795.71819558703
8.88888888888889 2.2222222222222223 3.3333333333333335
Error: 61795.71819558703
8.88888888888889 2.2222222222222223 4.444444444444445
Error: 61795.71819558703
8.88888888888889 2.2222222222222223 5.555555555555555
Error: 61795.71819558703
8.88888888888889 2.2222222222222223 6.666666666666667
Error: 61795.71819558703
8.88888888888889 2.2222222222222223 7.777777777777779
Error: 61795.71819558703
8.88888888888889 2.2222222222222223 8.88888888888889
Error: 61795.71819558703
8.88888888888889 2.2222222222222223 10.0
Error: 61795.71819558703
8.88888888888889 3.3333333333333335 0.0
Error: 61795.71819558703
8.88888888888889 3.3333333333333335 1.1111111111111112
Error: 61795.71819558703
8.88888888888889 3.3333333333333335 2.2222222222222223
Error: 61795.71819558703
8.88888888888889 3.3333333333333335 3.3333333333333335
Error: 61795.71819558703
8.88888888888889 3.3333333333333335 4.444444444444445
Error: 61795.71819558703
8.88888888888889 3.3333333333333335 5.555555555555555
Error: 61795.71819558703
8.88888888888889 3.3333333333333335 6.666666666666667
Error: 61795.71819558703
8.88888888888889 3.3333333333333335 7.777777777777779
Error: 61795.71819558703
8.88888888888889 3.3333333333333335 8.88888888888889
Error: 61795.71819558703
8.88888888888889 3.3333333333333335 10.0
Error: 61795.71819558703
8.88888888888889 4.444444444444445 0.0
Error: 61795.71819558703
8.88888888888889 4.444444444444445 1.1111111111111112
Error: 61795.71819558703
8.88888888888889 4.444444444444445 2.2222222222222223
Error: 61795.71819558703
8.88888888888889 4.444444444444445 3.3333333333333335
Error: 61795.71819558703
8.88888888888889 4.444444444444445 4.444444444444445
Error: 61795.71819558703
8.88888888888889 4.444444444444445 5.555555555555555
Error: 61795.71819558703
8.88888888888889 4.444444444444445 6.666666666666667
Error: 61795.71819558703
8.88888888888889 4.444444444444445 7.777777777777779
Error: 61795.71819558703
8.88888888888889 4.444444444444445 8.88888888888889
Error: 61795.71819558703
8.88888888888889 4.444444444444445 10.0
Error: 61795.71819558703
8.88888888888889 5.555555555555555 0.0
Error: 61795.71819558703
8.88888888888889 5.555555555555555 1.1111111111111112
Error: 61795.71819558703
8.88888888888889 5.555555555555555 2.2222222222222223
Error: 61795.71819558703
8.88888888888889 5.555555555555555 3.3333333333333335
Error: 61795.71819558703
8.88888888888889 5.555555555555555 4.444444444444445
Error: 61795.71819558703
8.88888888888889 5.555555555555555 5.555555555555555
Error: 61795.71819558703
8.88888888888889 5.555555555555555 6.666666666666667
Error: 61795.71819558703
8.88888888888889 5.555555555555555 7.777777777777779
Error: 61795.71819558703
8.88888888888889 5.555555555555555 8.88888888888889
Error: 61795.71819558703
8.88888888888889 5.555555555555555 10.0
Error: 61795.71819558703
8.88888888888889 6.666666666666667 0.0
Error: 61795.71819558703
8.88888888888889 6.666666666666667 1.1111111111111112
Error: 61795.71819558703
8.88888888888889 6.666666666666667 2.2222222222222223
Error: 61795.71819558703
8.88888888888889 6.666666666666667 3.3333333333333335
Error: 61795.71819558703
8.88888888888889 6.666666666666667 4.444444444444445
Error: 61795.71819558703
8.88888888888889 6.666666666666667 5.555555555555555
Error: 61795.71819558703
8.88888888888889 6.666666666666667 6.666666666666667
Error: 61795.71819558703
8.88888888888889 6.666666666666667 7.777777777777779
Error: 61795.71819558703
8.88888888888889 6.666666666666667 8.88888888888889
Error: 61795.71819558703
8.88888888888889 6.666666666666667 10.0
Error: 61795.71819558703
8.88888888888889 7.777777777777779 0.0
Error: 61795.71819558703
8.88888888888889 7.777777777777779 1.1111111111111112
Error: 61795.71819558703
8.88888888888889 7.777777777777779 2.2222222222222223
Error: 61795.71819558703
8.88888888888889 7.777777777777779 3.3333333333333335
Error: 61795.71819558703
8.88888888888889 7.777777777777779 4.444444444444445
Error: 61795.71819558703
8.88888888888889 7.777777777777779 5.555555555555555
Error: 61795.71819558703
8.88888888888889 7.777777777777779 6.666666666666667
Error: 61795.71819558703
8.88888888888889 7.777777777777779 7.777777777777779
Error: 61795.71819558703
8.88888888888889 7.777777777777779 8.88888888888889
Error: 61795.71819558703
8.88888888888889 7.777777777777779 10.0
Error: 61795.71819558703
8.88888888888889 8.88888888888889 0.0
Error: 61795.71819558703
8.88888888888889 8.88888888888889 1.1111111111111112
Error: 61795.71819558703
8.88888888888889 8.88888888888889 2.2222222222222223
Error: 61795.71819558703
8.88888888888889 8.88888888888889 3.3333333333333335
Error: 61795.71819558703
8.88888888888889 8.88888888888889 4.444444444444445
Error: 61795.71819558703
8.88888888888889 8.88888888888889 5.555555555555555
Error: 61795.71819558703
8.88888888888889 8.88888888888889 6.666666666666667
Error: 61795.71819558703
8.88888888888889 8.88888888888889 7.777777777777779
Error: 61795.71819558703
8.88888888888889 8.88888888888889 8.88888888888889
Error: 61795.71819558703
8.88888888888889 8.88888888888889 10.0
Error: 61795.71819558703
8.88888888888889 10.0 0.0
Error: 61795.71819558703
8.88888888888889 10.0 1.1111111111111112
Error: 61795.71819558703
8.88888888888889 10.0 2.2222222222222223
Error: 61795.71819558703
8.88888888888889 10.0 3.3333333333333335
Error: 61795.71819558703
8.88888888888889 10.0 4.444444444444445
Error: 61795.71819558703
8.88888888888889 10.0 5.555555555555555
Error: 61795.71819558703
8.88888888888889 10.0 6.666666666666667
Error: 61795.71819558703
8.88888888888889 10.0 7.777777777777779
Error: 61795.71819558703
8.88888888888889 10.0 8.88888888888889
Error: 61795.71819558703
8.88888888888889 10.0 10.0
Error: 61795.71819558703
10.0 0.0 0.0
Error: 61795.71819558703
10.0 0.0 1.1111111111111112
Error: 61795.71819558703
10.0 0.0 2.2222222222222223
Error: 61795.71819558703
10.0 0.0 3.3333333333333335
Error: 61795.71819558703
10.0 0.0 4.444444444444445
Error: 61795.71819558703
10.0 0.0 5.555555555555555
Error: 61795.71819558703
10.0 0.0 6.666666666666667
Error: 61795.71819558703
10.0 0.0 7.777777777777779
Error: 61795.71819558703
10.0 0.0 8.88888888888889
Error: 61795.71819558703
10.0 0.0 10.0
Error: 61795.71819558703
10.0 1.1111111111111112 0.0
Error: 61795.71819558703
10.0 1.1111111111111112 1.1111111111111112
Error: 61795.71819558703
10.0 1.1111111111111112 2.2222222222222223
Error: 61795.71819558703
10.0 1.1111111111111112 3.3333333333333335
Error: 61795.71819558703
10.0 1.1111111111111112 4.444444444444445
Error: 61795.71819558703
10.0 1.1111111111111112 5.555555555555555
Error: 61795.71819558703
10.0 1.1111111111111112 6.666666666666667
Error: 61795.71819558703
10.0 1.1111111111111112 7.777777777777779
Error: 61795.71819558703
10.0 1.1111111111111112 8.88888888888889
Error: 61795.71819558703
10.0 1.1111111111111112 10.0
Error: 61795.71819558703
10.0 2.2222222222222223 0.0
Error: 61795.71819558703
10.0 2.2222222222222223 1.1111111111111112
Error: 61795.71819558703
10.0 2.2222222222222223 2.2222222222222223
Error: 61795.71819558703
10.0 2.2222222222222223 3.3333333333333335
Error: 61795.71819558703
10.0 2.2222222222222223 4.444444444444445
Error: 61795.71819558703
10.0 2.2222222222222223 5.555555555555555
Error: 61795.71819558703
10.0 2.2222222222222223 6.666666666666667
Error: 61795.71819558703
10.0 2.2222222222222223 7.777777777777779
Error: 61795.71819558703
10.0 2.2222222222222223 8.88888888888889
Error: 61795.71819558703
10.0 2.2222222222222223 10.0
Error: 61795.71819558703
10.0 3.3333333333333335 0.0
Error: 61795.71819558703
10.0 3.3333333333333335 1.1111111111111112
Error: 61795.71819558703
10.0 3.3333333333333335 2.2222222222222223
Error: 61795.71819558703
10.0 3.3333333333333335 3.3333333333333335
Error: 61795.71819558703
10.0 3.3333333333333335 4.444444444444445
Error: 61795.71819558703
10.0 3.3333333333333335 5.555555555555555
Error: 61795.71819558703
10.0 3.3333333333333335 6.666666666666667
Error: 61795.71819558703
10.0 3.3333333333333335 7.777777777777779
Error: 61795.71819558703
10.0 3.3333333333333335 8.88888888888889
Error: 61795.71819558703
10.0 3.3333333333333335 10.0
Error: 61795.71819558703
10.0 4.444444444444445 0.0
Error: 61795.71819558703
10.0 4.444444444444445 1.1111111111111112
Error: 61795.71819558703
10.0 4.444444444444445 2.2222222222222223
Error: 61795.71819558703
10.0 4.444444444444445 3.3333333333333335
Error: 61795.71819558703
10.0 4.444444444444445 4.444444444444445
Error: 61795.71819558703
10.0 4.444444444444445 5.555555555555555
Error: 61795.71819558703
10.0 4.444444444444445 6.666666666666667
Error: 61795.71819558703
10.0 4.444444444444445 7.777777777777779
Error: 61795.71819558703
10.0 4.444444444444445 8.88888888888889
Error: 61795.71819558703
10.0 4.444444444444445 10.0
Error: 61795.71819558703
10.0 5.555555555555555 0.0
Error: 61795.71819558703
10.0 5.555555555555555 1.1111111111111112
Error: 61795.71819558703
10.0 5.555555555555555 2.2222222222222223
Error: 61795.71819558703
10.0 5.555555555555555 3.3333333333333335
Error: 61795.71819558703
10.0 5.555555555555555 4.444444444444445
Error: 61795.71819558703
10.0 5.555555555555555 5.555555555555555
Error: 61795.71819558703
10.0 5.555555555555555 6.666666666666667
Error: 61795.71819558703
10.0 5.555555555555555 7.777777777777779
Error: 61795.71819558703
10.0 5.555555555555555 8.88888888888889
Error: 61795.71819558703
10.0 5.555555555555555 10.0
Error: 61795.71819558703
10.0 6.666666666666667 0.0
Error: 61795.71819558703
10.0 6.666666666666667 1.1111111111111112
Error: 61795.71819558703
10.0 6.666666666666667 2.2222222222222223
Error: 61795.71819558703
10.0 6.666666666666667 3.3333333333333335
Error: 61795.71819558703
10.0 6.666666666666667 4.444444444444445
Error: 61795.71819558703
10.0 6.666666666666667 5.555555555555555
Error: 61795.71819558703
10.0 6.666666666666667 6.666666666666667
Error: 61795.71819558703
10.0 6.666666666666667 7.777777777777779
Error: 61795.71819558703
10.0 6.666666666666667 8.88888888888889
Error: 61795.71819558703
10.0 6.666666666666667 10.0
Error: 61795.71819558703
10.0 7.777777777777779 0.0
Error: 61795.71819558703
10.0 7.777777777777779 1.1111111111111112
Error: 61795.71819558703
10.0 7.777777777777779 2.2222222222222223
Error: 61795.71819558703
10.0 7.777777777777779 3.3333333333333335
Error: 61795.71819558703
10.0 7.777777777777779 4.444444444444445
Error: 61795.71819558703
10.0 7.777777777777779 5.555555555555555
Error: 61795.71819558703
10.0 7.777777777777779 6.666666666666667
Error: 61795.71819558703
10.0 7.777777777777779 7.777777777777779
Error: 61795.71819558703
10.0 7.777777777777779 8.88888888888889
Error: 61795.71819558703
10.0 7.777777777777779 10.0
Error: 61795.71819558703
10.0 8.88888888888889 0.0
Error: 61795.71819558703
10.0 8.88888888888889 1.1111111111111112
Error: 61795.71819558703
10.0 8.88888888888889 2.2222222222222223
Error: 61795.71819558703
10.0 8.88888888888889 3.3333333333333335
Error: 61795.71819558703
10.0 8.88888888888889 4.444444444444445
Error: 61795.71819558703
10.0 8.88888888888889 5.555555555555555
Error: 61795.71819558703
10.0 8.88888888888889 6.666666666666667
Error: 61795.71819558703
10.0 8.88888888888889 7.777777777777779
Error: 61795.71819558703
10.0 8.88888888888889 8.88888888888889
Error: 61795.71819558703
10.0 8.88888888888889 10.0
Error: 61795.71819558703
10.0 10.0 0.0
Error: 61795.71819558703
10.0 10.0 1.1111111111111112
Error: 61795.71819558703
10.0 10.0 2.2222222222222223
Error: 61795.71819558703
10.0 10.0 3.3333333333333335
Error: 61795.71819558703
10.0 10.0 4.444444444444445
Error: 61795.71819558703
10.0 10.0 5.555555555555555
Error: 61795.71819558703
10.0 10.0 6.666666666666667
Error: 61795.71819558703
10.0 10.0 7.777777777777779
Error: 61795.71819558703
10.0 10.0 8.88888888888889
Error: 61795.71819558703
10.0 10.0 10.0
Error: 61795.71819558703
